10262.7
23892
32976.6
37341
40417.9
42409.4
42942.2
44418.7
45268.1
46033.1
45898
46250.1
46755.9
46618
46848.8
46777.5
47521.1
47609.5
47373.1
47789.7
48134.4
48378
48922.3
48524.6
48273.1
48185.2
47691.6
48288.1
49018.4
48950.5
48980.4
49341.1
49459.8
48912.5
48115.6
49184
49195.4
49146.6
49919.5
50306.3
49867.1
50522.7
49880.4
49703
49409.7
49557.3
49884.2
49813
49416.8
49272.4
49495.9
49717.8
50429
50479.6
50457
50583.8
51047.3
51033.8
51074.8
50858.7
51568.5
51720.7
51569.6
51226.8
51526
51143.3
51231.3
50939.3
51115.4
50862.5
51145.5
51189.9
50899
50768
51162
51442.7
51654.9
51604.9
51712.4
52159.8
51552.8
51537.7
51497.7
51988.9
51501.6
51194.2
50938.6
50777.1
50621.6
50522.5
50006.5
50275.8
50140
50498.8
50571.7
51413.8
52108.7
52178
52368.6
52548.2
52395.6
52110.4
52300.7
52403.8
52189
51873.3
52288.6
52792.5
53195.9
52368.7
52391.7
52451.4
52365.2
52271.8
52459.7
52467
51995.2
52210
52327.6
52393.6
52486.5
52583.6
52497
52564.1
52521.9
52504.3
52718.6
52524.4
52464.2
52748.7
52656.6
52506.7
52197.4
52207.2
52200
52095.2
52138.5
52531.4
52642.5
52855.4
52509.8
52262.9
52288.9
52204.4
52240.8
52431.9
52898.3
52945.7
53149.2
53327.3
53146.6
53375.1
53219.3
53427.6
53575.3
53673.2
53571.6
53138.4
53142.5
53302
53524.6
53960.6
54191.3
54530.6
54676.2
54790.2
54865.2
54702
54830.7
54774.4
54983
55044
55193.3
55272.2
55028
54615.8
54677.7
54286.8
53940.5
53930.6
53890.7
54158.9
53990.2
53647.7
53913.3
53706.8
53487.9
53243.2
53395.5
53250.4
53015.1
52866.6
52918.4
53171.4
53059
53524.4
53311.2
53198.7
52696.9
52583.3
52425
52742.4
52571.6
52354.2
52512.8
52153.1
52447.1
52571.9
52723.9
52635.4
52262.7
52198.2
52500.8
52579.8
52326.2
52462.6
52392.3
52607.8
52501.3
52285.4
52228.3
51832.5
51745.9
52054.5
51923.3
52068.3
52100.4
52054.5
51767.6
51638.1
51790.9
51565.8
51484.2
51678.8
51895.4
51895.1
51574.1
51820.6
51980.5
52019.9
51743.2
51698.2
52070.8
52199
51984.3
52223.5
52439.9
52272.3
51978.8
51965.3
51944.4
51975.1
51891.8
52222.3
52194.8
52448.6
52329.7
52024.9
52567.2
52377.9
52378.1
52701.8
52954.5
52750.3
52619.7
52616.4
53282.4
53438.2
53145.6
53145.2
52872.7
52554.2
52682.3
52506.3
52967.9
53085.9
52826.2
53004.5
52857.5
52749.9
52766.8
53055.4
53075.6
52785.7
52652.3
52960.7
53047.4
53335.8
53660.8
53626.9
53588
53546.4
53659
53959.6
54090.8
54613
54627
54651.6
54500.6
54454.7
54693.9
54896.2
54838.8
54828.5
54625.6
54395.9
54555.6
54587.7
54226
54087.7
54200.3
54291.2
53906.4
54021.2
54150.1
54356.4
54466.7
54464
54563.1
54681.3
55009.9
54875.4
54859
54978.9
55064.6
55431.5
55541.2
55422.8
55365.8
55439.7
55580
55581.8
55574.1
55436.3
55505.7
55507
55240
55319.9
55416.1
55481.8
55282.8
55363.4
55272.4
55336.6
55055.5
55179.4
55074.7
55244
55310.4
55191.2
55079.9
55135.3
55329.1
55293.5
55010.9
55080.9
55017.7
55388
55390.1
55196.1
55408.9
55304.4
55068.6
54368.4
54445.9
54824.1
55172.2
55051.8
55110.9
55277.1
55170.1
55223.6
55548.6
55410.9
55473.4
55964.3
55976.1
55918.9
56058.5
56200.1
56278.7
56329.9
56362.5
56233
56129.5
56341.8
56371.9
56560.9
56627
56855.8
56495.7
56632.5
56623.2
56642.3
56714
57048.7
56960.2
57031.3
56987.3
57176.8
57270
57388.1
57417
57683.6
57761.8
57781.9
57774.7
57849.2
57901.4
58034.4
58162.8
58190.6
57866.9
58027.5
57708.6
57923
58206.7
58024.2
57799.4
57951.3
57787.1
57438.7
57388.7
57403.1
57473.9
57256.2
57172.4
57262.4
57672.4
57957.3
57631.2
57522.1
57629.4
57731.6
57713
57855
57641
57813.4
57978.2
58214.3
58534.9
58591.9
58386.5
58488.5
58764.5
58897.6
58901.4
58951.7
59016.2
59208.8
59091.1
59216.2
59311.7
59110.4
59371.2
59582.3
59614
59567.5
59753.7
60009.2
60150.6
60156.6
60013.8
60167.2
60313.2
60380.3
60506
60637.3
60668.5
60651.3
60647.6
60711.2
60863.2
60857.8
60974.4
61027.9
60952
60922
60934.4
60861.8
60847.6
60542.8
60628.6
60710.7
60973.9
61027.7
60887.3
61009.2
60954.4
60883.6
60874.8
60943.4
60926.9
60699.3
60622.5
60540.2
60483.4
60534.3
60453
60551.9
60413.8
60374.6
60393.8
60404.5
60366.1
60482
60578.7
60452.2
60698.5
60833.8
61054.1
60907.8
60965.8
60797.8
60799.5
60765.3
60749.8
60549.6
60651
60583.6
60437.6
60424.1
60280.8
60712
60728.2
60644.8
60428.6
60396.3
60369.9
60340.8
60397.7
60264.3
60368
60557
60478.5
60581.2
60579.2
60537.7
60449.5
60438.3
60744.3
60968.8
60934.5
61181.5
61139.4
61199
61203.4
61042.5
61128.5
61060.6
61142.4
61182.3
61221.9
60904.6
60892.6
60820.7
60763.8
60874.6
60776.7
60961.8
60918.5
60940.3
61010.3
60650.3
60690.7
60872.7
60788.3
60887.3
60699.9
60751.5
60621.6
60561
60447.6
60576.2
60330.2
60331.3
60486.7
60742.2
60529.3
60575.9
60302.8
60443.2
60513.1
60634.2
60479.8
60382.3
60557.7
60676.1
60723.9
60703.6
60830.2
60842.2
60925.8
60855.1
60608.9
60561.4
60665.9
60607.7
60589.5
60575.9
60584.2
60603
60520.4
60632.4
60585.2
60693
60615.9
60774.3
60889
60876.1
60967.7
60917.5
60871.7
60894.1
60892.3
61126
61183.4
61222.2
61201.2
61149.5
61222.2
61140.6
61321.6
61297.9
61340.1
61319.5
61190.6
61071.8
61080.8
61233.8
61327.6
61338.2
61402.2
61400.1
61491
61463.1
61394.8
61443.3
61402.8
61317.3
61325.7
61356.9
61404
61466.7
61487
61397.2
61395.4
61464
61492.6
61411.2
61615.4
61667.6
61760.7
61794.4
61757.9
61788.6
61931.9
61976.1
61957.4
61922.5
61898
61904.1
61950.5
61972.7
61932.2
61900
61896
61827
61842.7
61933.9
62071.9
62120.5
62088
62048.7
62030.6
62177.4
62169.5
62134
62099.9
62189.4
62118.2
62090.5
62023.6
61958.1
62032.5
62030.8
62046.4
62081.6
62098
62112.2
62100.4
62097.4
62203.9
62126.2
62082.3
62127.8
62185.9
62149.3
62136.9
62128
62115.1
62100.1
62102.2
62029
62084.3
62055
61998.1
62020.9
61983.7
61980.1
62105.2
62082.6
62023.2
61961.1
62013.4
62065.5
62086.7
61979.2
61899.6
62059.4
62022
62015.1
61942.5
61947.8
61942.8
61950.6
61948.3
61989.7
62047.4
62122.4
62127.3
62136
62207.1
62230.6
62276.9
62275
62230.5
62209.7
62207.9
62260.4
62157.8
62106.3
62077.5
62014.4
61982
61898.4
61907.4
61855.5
61894.8
62024.8
62088.7
62061
62048.1
62213.5
62112.1
62133.9
62103.4
62062.9
62111.8
62183.7
62230.1
62232.1
62222.1
62210.2
62185.9
62188.6
62189.2
62156.8
62178
62173.8
62212.5
62146.6
62197.9
62228.6
62309.3
62408.2
62387.4
62376.6
62407.2
62419.1
62312.4
62339.7
62322.6
62312.7
62357.1
62327.8
62332
62407.1
62335.8
62354.2
62290
62381.5
62394.2
62422.1
62433.7
62418
62438.6
62459.1
62459.2
62468.8
62468.9
62499.7
62488.9
62513.5
62467.7
62464.2
62491.1
62525.8
62531.6
62496.8
62510.7
62507
62504.5
62478
62440.1
62410.5
62475.9
62484.7
62503.4
62536
62477.7
62443.1
62425.3
62458.7
62411.2
62390.4
62394.4
62433.4
62406.2
62384.6
62377.5
62330.6
62334.4
62307.4
62291.4
62209.8
62267.9
62234.3
62189.5
62198.9
62180.4
62258
62226.1
62237
62169.9
62243.6
62261.2
62259.5
62202.9
62263.9
62314.9
62312.1
62330.8
62357.6
62353.7
62365.8
62371.8
62360.1
62351
62370.8
62371.7
62438
62448.8
62446.1
62488.6
62498.9
62458
62490.9
62523.4
62517.4
62533.4
62548.3
62539.3
62539.3
62529.3
62532.2
62541.2
62558.3
62547.3
62543.3
62532.3
62535.3
62510.3
62501.3
62506.3
62514.3
62523.3
62529.3
62511.3
62514.3
62518.3
62522.3
62521.3
62524.3
62508.3
62519.2
62537.2
62518.2
62555.3
62541.2
62552.3
62538.3
62526.3
62516.3
62502.3
62535.2
62532.2
62545.3
62566.3
62580.3
62584.3
62605.2
62614.3
62633.3
62635.3
62645.3
62673.3
62659.3
62667.3
62690.3
62721.3
62724.3
62718.3
62720.3
62718.3
62735.3
62757.3
62754.3
62748.3
62771.3
62786.4
62804.4
62800.4
62801.4
62806.4
62805.4
62826.4
62820.4
62821.4
62838.4
62844.4
62851.4
62842.4
62848.4
62862.4
62886.4
62860.4
62861.4
62871.4
62883.4
62871.4
62878.4
62896.4
62895.4
62892.4
62881.4
62892.4
62875.4
62859.4
62854.4
62871.4
62854.4
62841.4
62864.4
62871.4
62856.4
62855.4
62876.4
62868.4
62888.4
62896.4
62917.5
62919.5
62917.5
62901.5
62916.5
62912.4
62920.5
62928.5
62938.5
62924.5
62929.5
62928.4
62937.5
62942.5
62925.5
62916.4
62932.5
62925.5
62919.5
62917.4
62907.4
62905.4
62926.5
62922.4
62922.4
62920.4
62918.4
62917.4
62910.4
